        1.00000    0.20114E+03    0.16852E-01    0.92760E-03
        2.00000    0.16766E+03   -0.20030E-01    0.18983E-02
        3.00000    0.76585E+02   -0.63907E-01    0.28948E-02
        4.00000    0.35476E+02   -0.48183E-02    0.39147E-02
        5.00000    0.20593E+02   -0.14772E-01    0.49635E-02
        6.00000    0.13866E+02    0.86152E-03    0.60477E-02
        7.00000    0.21509E+02   -0.17701E-02    0.71402E-02
        8.00000    0.12249E+02    0.50499E-02    0.82336E-02
        9.00000    0.33560E+01   -0.60211E-02    0.93377E-02
       10.00000   -0.14196E+01    0.59765E-02    0.10422E-01
       11.00000   -0.20963E+01   -0.10134E-02    0.11483E-01
       12.00000   -0.14735E+01    0.42289E-02    0.12518E-01
       13.00000   -0.37278E+01    0.48446E-02    0.13527E-01
       14.00000   -0.37370E+01   -0.33140E-02    0.14507E-01
       15.00000   -0.51463E+01    0.34668E-02    0.15482E-01
       16.00000   -0.43894E+01   -0.51887E-02    0.16436E-01
       17.00000   -0.21105E+01    0.37493E-03    0.17353E-01
       18.00000   -0.71027E+00   -0.34452E-02    0.18259E-01
       19.00000   -0.59762E+00   -0.34508E-02    0.19163E-01
       20.00000   -0.92705E+00   -0.28361E-03    0.20053E-01
       21.00000    0.12466E+00   -0.23711E-03    0.20929E-01
       22.00000   -0.11271E+00   -0.15350E-02    0.21790E-01
       23.00000    0.66221E+00    0.99671E-03    0.22641E-01
       24.00000    0.89139E+00   -0.23395E-04    0.23493E-01
       25.00000   -0.36021E-02    0.95930E-04    0.24359E-01
       26.00000   -0.56711E+00    0.58327E-03    0.25208E-01
       27.00000   -0.20013E+00    0.31086E-03    0.26030E-01
       28.00000    0.12227E+00    0.23165E-03    0.26842E-01
       29.00000   -0.31390E+00   -0.37379E-03    0.27644E-01
       30.00000    0.10025E-01   -0.39281E-03    0.28438E-01
       31.00000   -0.37505E+00    0.81851E-04    0.29221E-01
       32.00000   -0.54243E+00    0.48537E-04    0.29967E-01
       33.00000    0.12992E+00    0.34712E-03    0.30651E-01
       34.00000    0.52296E+00    0.19433E-03    0.31306E-01
       35.00000    0.31181E+00    0.47733E-03    0.31967E-01
       36.00000    0.28467E+00    0.49637E-03    0.32614E-01
       37.00000    0.64863E+00    0.20190E-03    0.33235E-01
       38.00000    0.55940E+00    0.12002E-03    0.33835E-01
       39.00000    0.97898E+00    0.51992E-04    0.34415E-01
       40.00000    0.12267E+01    0.15721E-04    0.34999E-01
       41.00000    0.84207E+00   -0.33625E-04    0.35602E-01
       42.00000    0.70487E+00   -0.13709E-03    0.36200E-01
       43.00000    0.93077E+00    0.12163E-04    0.36771E-01
       44.00000    0.98296E+00    0.24457E-03    0.37330E-01
       45.00000    0.85840E+00    0.12555E-04    0.37888E-01
       46.00000    0.97973E+00    0.56277E-03    0.38437E-01
       47.00000    0.71866E+00    0.90685E-03    0.38975E-01
       48.00000    0.61019E+00    0.14901E-02    0.39482E-01
       49.00000    0.93453E+00    0.16262E-02    0.39944E-01
       50.00000    0.10644E+01    0.10792E-02    0.40374E-01
       51.00000    0.85353E+00    0.44595E-03    0.40386E-01
       52.00000    0.88904E+00    0.43320E-03    0.40364E-01
       53.00000    0.10254E+01    0.65001E-03    0.40333E-01
       54.00000    0.10487E+01    0.54275E-03    0.40306E-01
       55.00000    0.13184E+01    0.72050E-03    0.40284E-01
       56.00000    0.14597E+01    0.11163E-02    0.40275E-01
       57.00000    0.12044E+01    0.10054E-02    0.40302E-01
       58.00000    0.10446E+01    0.81363E-03    0.40349E-01
       59.00000    0.11887E+01    0.78761E-03    0.40365E-01
       60.00000    0.13966E+01    0.53600E-03    0.40372E-01
       61.00000    0.12983E+01    0.96381E-04    0.40382E-01
       62.00000    0.12568E+01    0.13299E-03    0.40393E-01
       63.00000    0.11755E+01   -0.91333E-03    0.40407E-01
       64.00000    0.10585E+01   -0.10280E-02    0.40416E-01
       65.00000    0.12187E+01   -0.10219E-02    0.40402E-01
       66.00000    0.14964E+01   -0.11889E-02    0.40369E-01
       67.00000    0.13779E+01   -0.39790E-03    0.40354E-01
       68.00000    0.11298E+01   -0.49753E-03    0.40350E-01
       69.00000    0.12822E+01   -0.54815E-03    0.40345E-01
       70.00000    0.13341E+01   -0.39390E-03    0.40333E-01
       71.00000    0.13959E+01   -0.21882E-03    0.40319E-01
       72.00000    0.15724E+01   -0.55668E-03    0.40308E-01
       73.00000    0.14594E+01   -0.10664E-03    0.40316E-01
       74.00000    0.11900E+01    0.85849E-04    0.40343E-01
       75.00000    0.13287E+01   -0.18314E-03    0.40358E-01
       76.00000    0.15532E+01   -0.75136E-03    0.40360E-01
       77.00000    0.14424E+01   -0.52042E-03    0.40366E-01
       78.00000    0.14258E+01   -0.30658E-03    0.40380E-01
       79.00000    0.13713E+01   -0.92973E-03    0.40394E-01
       80.00000    0.12422E+01   -0.95349E-03    0.40406E-01
       81.00000    0.13445E+01   -0.90240E-03    0.40403E-01
       82.00000    0.15647E+01   -0.64686E-04    0.40382E-01
       83.00000    0.15019E+01   -0.85836E-04    0.40366E-01
       84.00000    0.13459E+01   -0.21908E-04    0.40362E-01
       85.00000    0.14000E+01   -0.50712E-03    0.40358E-01
       86.00000    0.14543E+01   -0.73024E-03    0.40345E-01
       87.00000    0.15421E+01   -0.15234E-02    0.40332E-01
       88.00000    0.16233E+01   -0.20505E-02    0.40319E-01
       89.00000    0.15568E+01   -0.24769E-02    0.40319E-01
       90.00000    0.13642E+01   -0.77546E-03    0.40337E-01
       91.00000    0.13463E+01   -0.35523E-02    0.40352E-01
       92.00000    0.14375E+01   -0.40477E-02    0.40356E-01
       93.00000    0.13414E+01   -0.42948E-02    0.40360E-01
       94.00000    0.12106E+01   -0.38460E-02    0.40372E-01
       95.00000    0.11427E+01   -0.33163E-02    0.40385E-01
       96.00000    0.12334E+01   -0.37278E-02    0.40396E-01
       97.00000    0.14814E+01   -0.34052E-02    0.40397E-01
       98.00000    0.18642E+01   -0.23581E-02    0.40383E-01
       99.00000    0.21547E+01   -0.28788E-03    0.40368E-01
      100.00000    0.21639E+01    0.21566E-02    0.40362E-01
      101.00000    0.21302E+01    0.31025E-02    0.40358E-01
      102.00000    0.20982E+01    0.26029E-02    0.40348E-01
      103.00000    0.20035E+01    0.30337E-02    0.40334E-01
      104.00000    0.18708E+01    0.24923E-02    0.40323E-01
      105.00000    0.17503E+01    0.23302E-02    0.40320E-01
      106.00000    0.14975E+01    0.17162E-02    0.40332E-01
      107.00000    0.13516E+01    0.16760E-02    0.40347E-01
      108.00000    0.14465E+01    0.15698E-02    0.40353E-01
      109.00000    0.14715E+01    0.10413E-02    0.40355E-01
      110.00000    0.13960E+01    0.15652E-02    0.40365E-01
      111.00000    0.13475E+01    0.37743E-02    0.40378E-01
      112.00000    0.13195E+01    0.29815E-02    0.40388E-01
      113.00000    0.12943E+01    0.34051E-02    0.40392E-01
      114.00000    0.14136E+01    0.18150E-02    0.40384E-01
      115.00000    0.14789E+01    0.20788E-02    0.40372E-01
      116.00000    0.13773E+01    0.17961E-02    0.40365E-01
      117.00000    0.13218E+01    0.12756E-02    0.40362E-01
      118.00000    0.13706E+01   -0.11633E-03    0.40354E-01
      119.00000    0.14299E+01   -0.49120E-03    0.40342E-01
      120.00000    0.14589E+01   -0.54046E-03    0.40331E-01
      121.00000    0.14805E+01   -0.14927E-02    0.40327E-01
      122.00000    0.13949E+01   -0.13017E-02    0.40334E-01
      123.00000    0.13365E+01   -0.13435E-02    0.40346E-01
      124.00000    0.14083E+01   -0.12136E-02    0.40352E-01
      125.00000    0.14784E+01   -0.17726E-02    0.40353E-01
      126.00000    0.14438E+01   -0.10590E-02    0.40360E-01
      127.00000    0.13709E+01   -0.15051E-02    0.40371E-01
      128.00000    0.13491E+01   -0.33487E-03    0.40381E-01
      129.00000    0.13308E+01   -0.63429E-03    0.40386E-01
      130.00000    0.13851E+01   -0.89989E-04    0.40382E-01
      131.00000    0.14449E+01    0.14410E-04    0.40373E-01
      132.00000    0.13994E+01    0.16173E-02    0.40367E-01
      133.00000    0.13180E+01    0.22363E-02    0.40365E-01
      134.00000    0.13404E+01    0.23176E-02    0.40360E-01
      135.00000    0.14134E+01    0.26349E-02    0.40349E-01
      136.00000    0.14315E+01    0.30344E-02    0.40339E-01
      137.00000    0.14485E+01    0.33120E-02    0.40333E-01
      138.00000    0.14092E+01    0.34321E-02    0.40336E-01
      139.00000    0.13459E+01    0.37764E-02    0.40345E-01
      140.00000    0.13735E+01    0.36692E-02    0.40352E-01
      141.00000    0.14522E+01    0.32910E-02    0.40353E-01
      142.00000    0.14402E+01    0.22736E-02    0.40357E-01
      143.00000    0.13718E+01    0.23314E-02    0.40366E-01
      144.00000    0.13485E+01    0.20880E-02    0.40375E-01
      145.00000    0.13295E+01    0.14782E-02    0.40381E-01
      146.00000    0.13578E+01    0.44418E-03    0.40380E-01
      147.00000    0.14133E+01   -0.30103E-03    0.40373E-01
      148.00000    0.13964E+01   -0.93942E-03    0.40368E-01
      149.00000    0.13218E+01   -0.16192E-02    0.40365E-01
      150.00000    0.13154E+01   -0.24567E-02    0.40362E-01
      151.00000    0.13733E+01   -0.26868E-02    0.40355E-01
      152.00000    0.14022E+01   -0.32894E-02    0.40345E-01
      153.00000    0.14161E+01   -0.33019E-02    0.40339E-01
      154.00000    0.13914E+01   -0.37947E-02    0.40339E-01
      155.00000    0.13423E+01   -0.35221E-02    0.40345E-01
      156.00000    0.13437E+01   -0.34081E-02    0.40351E-01
      157.00000    0.14065E+01   -0.32346E-02    0.40353E-01
      158.00000    0.14254E+01   -0.29744E-02    0.40355E-01
      159.00000    0.13732E+01   -0.24107E-02    0.40362E-01
      160.00000    0.13355E+01   -0.15319E-02    0.40370E-01
      161.00000    0.13240E+01   -0.92519E-03    0.40376E-01
      162.00000    0.13418E+01   -0.14945E-03    0.40377E-01
      163.00000    0.13812E+01    0.42421E-03    0.40372E-01
      164.00000    0.13896E+01    0.17088E-02    0.40367E-01
      165.00000    0.13345E+01    0.25224E-02    0.40365E-01
      166.00000    0.13044E+01    0.40694E-02    0.40363E-01
      167.00000    0.13470E+01    0.41960E-02    0.40358E-01
      168.00000    0.13869E+01    0.53789E-02    0.40349E-01
      169.00000    0.13973E+01    0.51017E-02    0.40343E-01
      170.00000    0.13845E+01    0.56739E-02    0.40341E-01
      171.00000    0.13492E+01    0.51682E-02    0.40345E-01
      172.00000    0.13337E+01    0.49478E-02    0.40350E-01
      173.00000    0.13795E+01    0.44412E-02    0.40353E-01
      174.00000    0.14139E+01    0.31818E-02    0.40354E-01
      175.00000    0.13816E+01    0.23312E-02    0.40358E-01
      176.00000    0.13404E+01    0.56446E-03    0.40366E-01
      177.00000    0.13283E+01   -0.61445E-03    0.40371E-01
      178.00000    0.13376E+01   -0.27259E-02    0.40373E-01
      179.00000    0.13674E+01   -0.33238E-02    0.40371E-01
      180.00000    0.13854E+01   -0.49410E-02    0.40366E-01
      181.00000    0.13497E+01   -0.56575E-02    0.40364E-01
      182.00000    0.13123E+01   -0.66485E-02    0.40363E-01
      183.00000    0.13329E+01   -0.69410E-02    0.40360E-01
      184.00000    0.13740E+01   -0.73486E-02    0.40353E-01
      185.00000    0.13892E+01   -0.73988E-02    0.40347E-01
      186.00000    0.13821E+01   -0.68329E-02    0.40344E-01
      187.00000    0.13565E+01   -0.67656E-02    0.40346E-01
      188.00000    0.13367E+01   -0.54418E-02    0.40350E-01
      189.00000    0.13617E+01   -0.46791E-02    0.40353E-01
      190.00000    0.13992E+01   -0.28257E-02    0.40353E-01
      191.00000    0.13896E+01   -0.14629E-02    0.40356E-01
      192.00000    0.13503E+01    0.80417E-03    0.40362E-01
      193.00000    0.13325E+01    0.24956E-02    0.40367E-01
      194.00000    0.13380E+01    0.48408E-02    0.40370E-01
      195.00000    0.13594E+01    0.67926E-02    0.40368E-01
      196.00000    0.13787E+01    0.85181E-02    0.40365E-01
      197.00000    0.13622E+01    0.10046E-01    0.40363E-01
      198.00000    0.13257E+01    0.11654E-01    0.40363E-01
      199.00000    0.13268E+01    0.11905E-01    0.40361E-01
      200.00000    0.13625E+01    0.12220E-01    0.40356E-01
      201.00000    0.13831E+01    0.11557E-01    0.40350E-01
      202.00000    0.13806E+01    0.10464E-01    0.40347E-01
      203.00000    0.13627E+01    0.87976E-02    0.40348E-01
      204.00000    0.13426E+01    0.68531E-02    0.40351E-01
      205.00000    0.13519E+01    0.43939E-02    0.40354E-01
      206.00000    0.13855E+01    0.19645E-02    0.40354E-01
      207.00000    0.13921E+01   -0.90148E-03    0.40355E-01
      208.00000    0.13614E+01   -0.40522E-02    0.40360E-01
      209.00000    0.13393E+01   -0.72586E-02    0.40364E-01
      210.00000    0.13399E+01   -0.10092E-01    0.40367E-01
      211.00000    0.13550E+01   -0.12953E-01    0.40367E-01
      212.00000    0.13730E+01   -0.15074E-01    0.40365E-01
      213.00000    0.13696E+01   -0.16379E-01    0.40363E-01
      214.00000    0.13407E+01   -0.17412E-01    0.40363E-01
      215.00000    0.13282E+01   -0.17259E-01    0.40362E-01
      216.00000    0.13521E+01   -0.16357E-01    0.40359E-01
      217.00000    0.13766E+01   -0.14810E-01    0.40354E-01
      218.00000    0.13790E+01   -0.12905E-01    0.40350E-01
      219.00000    0.13658E+01   -0.99423E-02    0.40349E-01
      220.00000    0.13498E+01   -0.65022E-02    0.40351E-01
      221.00000    0.13484E+01   -0.20726E-02    0.40353E-01
      222.00000    0.13716E+01    0.25507E-02    0.40354E-01
      223.00000    0.13889E+01    0.68947E-02    0.40354E-01
      224.00000    0.13730E+01    0.10805E-01    0.40356E-01
      225.00000    0.13477E+01    0.15380E-01    0.40360E-01
      226.00000    0.13425E+01    0.18204E-01    0.40363E-01
      227.00000    0.13536E+01    0.21783E-01    0.40364E-01
      228.00000    0.13678E+01    0.23881E-01    0.40363E-01
      229.00000    0.13729E+01    0.25269E-01    0.40362E-01
      230.00000    0.13556E+01    0.25409E-01    0.40361E-01
      231.00000    0.13367E+01    0.24568E-01    0.40361E-01
      232.00000    0.13451E+01    0.22464E-01    0.40360E-01
      233.00000    0.13693E+01    0.19024E-01    0.40357E-01
      234.00000    0.13788E+01    0.14932E-01    0.40353E-01
      235.00000    0.13713E+01    0.90144E-02    0.40352E-01
      236.00000    0.13587E+01    0.30233E-02    0.40353E-01
      237.00000    0.13520E+01   -0.43508E-02    0.40355E-01
      238.00000    0.13619E+01   -0.10272E-01    0.40357E-01
      239.00000    0.13816E+01   -0.17133E-01    0.40357E-01
      240.00000    0.13831E+01   -0.22437E-01    0.40357E-01
      241.00000    0.13623E+01   -0.27655E-01    0.40360E-01
      242.00000    0.13486E+01   -0.32110E-01    0.40363E-01
      243.00000    0.13537E+01   -0.34948E-01    0.40364E-01
      244.00000    0.13654E+01   -0.36994E-01    0.40364E-01
      245.00000    0.13725E+01   -0.36768E-01    0.40363E-01
      246.00000    0.13690E+01   -0.35329E-01    0.40362E-01
      247.00000    0.13528E+01   -0.30918E-01    0.40362E-01
      248.00000    0.13443E+01   -0.25582E-01    0.40362E-01
      249.00000    0.13581E+01   -0.18522E-01    0.40360E-01
      250.00000    0.13767E+01   -0.10183E-01    0.40357E-01
      251.00000    0.13782E+01   -0.16724E-02    0.40354E-01
      252.00000    0.13670E+01    0.87424E-02    0.40353E-01
      253.00000    0.13593E+01    0.18013E-01    0.40353E-01
      254.00000    0.13597E+01    0.28135E-01    0.40354E-01
      255.00000    0.13718E+01    0.35581E-01    0.40354E-01
      256.00000    0.13834E+01    0.43760E-01    0.40354E-01
      257.00000    0.13801E+01    0.47870E-01    0.40355E-01
      258.00000    0.13615E+01    0.49761E-01    0.40358E-01
      259.00000    0.13536E+01    0.50645E-01    0.40360E-01
      260.00000    0.13619E+01    0.48526E-01    0.40361E-01
      261.00000    0.13721E+01    0.45200E-01    0.40361E-01
      262.00000    0.13740E+01    0.38737E-01    0.40361E-01
      263.00000    0.13681E+01    0.29536E-01    0.40361E-01
      264.00000    0.13562E+01    0.18670E-01    0.40362E-01
      265.00000    0.13535E+01    0.59039E-02    0.40362E-01
      266.00000    0.13671E+01   -0.65060E-02    0.40361E-01
      267.00000    0.13808E+01   -0.19730E-01    0.40360E-01
      268.00000    0.13794E+01   -0.33776E-01    0.40358E-01
      269.00000    0.13684E+01   -0.46294E-01    0.40358E-01
      270.00000    0.13616E+01   -0.54754E-01    0.40358E-01
      271.00000    0.13647E+01   -0.64763E-01    0.40358E-01
      272.00000    0.13742E+01   -0.68706E-01    0.40357E-01
      273.00000    0.13823E+01   -0.72055E-01    0.40357E-01
      274.00000    0.13809E+01   -0.71616E-01    0.40358E-01
      275.00000    0.13692E+01   -0.66305E-01    0.40360E-01
      276.00000    0.13639E+01   -0.57979E-01    0.40361E-01
      277.00000    0.13711E+01   -0.45086E-01    0.40362E-01
      278.00000    0.13801E+01   -0.29696E-01    0.40362E-01
      279.00000    0.13795E+01   -0.13301E-01    0.40361E-01
      280.00000    0.13739E+01    0.49867E-02    0.40361E-01
      281.00000    0.13679E+01    0.23239E-01    0.40361E-01
      282.00000    0.13662E+01    0.40979E-01    0.40360E-01
      283.00000    0.13723E+01    0.56097E-01    0.40358E-01
      284.00000    0.13807E+01    0.70000E-01    0.40357E-01
      285.00000    0.13807E+01    0.81210E-01    0.40356E-01
      286.00000    0.13737E+01    0.88401E-01    0.40355E-01
      287.00000    0.13728E+01    0.91725E-01    0.40355E-01
      288.00000    0.13785E+01    0.91389E-01    0.40355E-01
      289.00000    0.13867E+01    0.85385E-01    0.40355E-01
      290.00000    0.13947E+01    0.74921E-01    0.40355E-01
      291.00000    0.13962E+01    0.59849E-01    0.40356E-01
      292.00000    0.13872E+01    0.40362E-01    0.40358E-01
      293.00000    0.13811E+01    0.17977E-01    0.40360E-01
      294.00000    0.13850E+01   -0.51413E-02    0.40362E-01
      295.00000    0.13901E+01   -0.27132E-01    0.40363E-01
      296.00000    0.13872E+01   -0.47473E-01    0.40364E-01
      297.00000    0.13818E+01   -0.67412E-01    0.40364E-01
      298.00000    0.13776E+01   -0.86532E-01    0.40364E-01
      299.00000    0.13785E+01   -0.10039E+00    0.40363E-01
      300.00000    0.13862E+01   -0.10980E+00    0.40361E-01
      301.00000    0.13939E+01   -0.11256E+00    0.40360E-01
      302.00000    0.13975E+01   -0.11172E+00    0.40358E-01
      303.00000    0.13953E+01   -0.10449E+00    0.40357E-01
      304.00000    0.13953E+01   -0.91995E-01    0.40357E-01
      305.00000    0.14009E+01   -0.71667E-01    0.40356E-01
      306.00000    0.14049E+01   -0.48398E-01    0.40356E-01
      307.00000    0.14070E+01   -0.20710E-01    0.40356E-01
      308.00000    0.14037E+01    0.79131E-02    0.40356E-01
      309.00000    0.13915E+01    0.33187E-01    0.40357E-01
      310.00000    0.13853E+01    0.58707E-01    0.40359E-01
      311.00000    0.13906E+01    0.82706E-01    0.40359E-01
      312.00000    0.13945E+01    0.10498E+00    0.40359E-01
      313.00000    0.13967E+01    0.12244E+00    0.40360E-01
      314.00000    0.13938E+01    0.13422E+00    0.40360E-01
      315.00000    0.13907E+01    0.13649E+00    0.40359E-01
      316.00000    0.13920E+01    0.13464E+00    0.40358E-01
      317.00000    0.13993E+01    0.12132E+00    0.40356E-01
      318.00000    0.14074E+01    0.10423E+00    0.40355E-01
      319.00000    0.14079E+01    0.80284E-01    0.40354E-01
      320.00000    0.14022E+01    0.52836E-01    0.40355E-01
      321.00000    0.13996E+01    0.21509E-01    0.40356E-01
      322.00000    0.14004E+01   -0.10758E-01    0.40358E-01
      323.00000    0.13974E+01   -0.40483E-01    0.40359E-01
      324.00000    0.13986E+01   -0.69358E-01    0.40360E-01
      325.00000    0.13976E+01   -0.95124E-01    0.40361E-01
      326.00000    0.13938E+01   -0.11722E+00    0.40362E-01
      327.00000    0.13944E+01   -0.13496E+00    0.40362E-01
      328.00000    0.13986E+01   -0.14502E+00    0.40361E-01
      329.00000    0.14018E+01   -0.14831E+00    0.40361E-01
      330.00000    0.14037E+01   -0.14480E+00    0.40361E-01
      331.00000    0.14019E+01   -0.13137E+00    0.40361E-01
      332.00000    0.14036E+01   -0.10981E+00    0.40360E-01
      333.00000    0.14016E+01   -0.83293E-01    0.40360E-01
      334.00000    0.14032E+01   -0.52283E-01    0.40359E-01
      335.00000    0.14072E+01   -0.18680E-01    0.40358E-01
      336.00000    0.14045E+01    0.13757E-01    0.40357E-01
      337.00000    0.13958E+01    0.46249E-01    0.40356E-01
      338.00000    0.13929E+01    0.76266E-01    0.40356E-01
      339.00000    0.13957E+01    0.10545E+00    0.40355E-01
      340.00000    0.13992E+01    0.12860E+00    0.40356E-01
      341.00000    0.14043E+01    0.14818E+00    0.40356E-01
      342.00000    0.14050E+01    0.15787E+00    0.40356E-01
      343.00000    0.14026E+01    0.16217E+00    0.40356E-01
      344.00000    0.14008E+01    0.15490E+00    0.40356E-01
      345.00000    0.14049E+01    0.14040E+00    0.40356E-01
      346.00000    0.14099E+01    0.11504E+00    0.40356E-01
      347.00000    0.14078E+01    0.87253E-01    0.40356E-01
      348.00000    0.14059E+01    0.55085E-01    0.40358E-01
      349.00000    0.14023E+01    0.18037E-01    0.40359E-01
      350.00000    0.13962E+01   -0.13733E-01    0.40360E-01
      351.00000    0.13931E+01   -0.50027E-01    0.40361E-01
      352.00000    0.13956E+01   -0.79561E-01    0.40361E-01
      353.00000    0.13988E+01   -0.11110E+00    0.40361E-01
      354.00000    0.13981E+01   -0.13313E+00    0.40361E-01
      355.00000    0.13981E+01   -0.15163E+00    0.40360E-01
      356.00000    0.14008E+01   -0.16162E+00    0.40359E-01
      357.00000    0.14036E+01   -0.16653E+00    0.40359E-01
      358.00000    0.14069E+01   -0.15888E+00    0.40359E-01
      359.00000    0.14122E+01   -0.14272E+00    0.40359E-01
      360.00000    0.14122E+01   -0.11715E+00    0.40359E-01
      361.00000    0.14068E+01   -0.86436E-01    0.40359E-01
      362.00000    0.14058E+01   -0.54563E-01    0.40358E-01
      363.00000    0.14068E+01   -0.16030E-01    0.40358E-01
      364.00000    0.14027E+01    0.16365E-01    0.40358E-01
      365.00000    0.13972E+01    0.53211E-01    0.40357E-01
      366.00000    0.13961E+01    0.85029E-01    0.40357E-01
      367.00000    0.13952E+01    0.11474E+00    0.40357E-01
      368.00000    0.13953E+01    0.14130E+00    0.40358E-01
      369.00000    0.14010E+01    0.15760E+00    0.40357E-01
      370.00000    0.14043E+01    0.16869E+00    0.40357E-01
      371.00000    0.14028E+01    0.17268E+00    0.40356E-01
      372.00000    0.14040E+01    0.16465E+00    0.40355E-01
      373.00000    0.14078E+01    0.14606E+00    0.40355E-01
      374.00000    0.14102E+01    0.11946E+00    0.40355E-01
      375.00000    0.14087E+01    0.87354E-01    0.40356E-01
      376.00000    0.14086E+01    0.54700E-01    0.40356E-01
      377.00000    0.14072E+01    0.14905E-01    0.40357E-01
      378.00000    0.13994E+01   -0.17411E-01    0.40358E-01
      379.00000    0.13942E+01   -0.52896E-01    0.40360E-01
      380.00000    0.13975E+01   -0.87154E-01    0.40361E-01
      381.00000    0.13986E+01   -0.11745E+00    0.40361E-01
      382.00000    0.13994E+01   -0.14124E+00    0.40361E-01
      383.00000    0.14013E+01   -0.16002E+00    0.40360E-01
      384.00000    0.14018E+01   -0.16941E+00    0.40360E-01
      385.00000    0.14015E+01   -0.17523E+00    0.40360E-01
      386.00000    0.14053E+01   -0.16505E+00    0.40360E-01
      387.00000    0.14115E+01   -0.14694E+00    0.40359E-01
      388.00000    0.14123E+01   -0.11893E+00    0.40359E-01
      389.00000    0.14083E+01   -0.86898E-01    0.40358E-01
      390.00000    0.14071E+01   -0.52912E-01    0.40358E-01
      391.00000    0.14069E+01   -0.13605E-01    0.40357E-01
      392.00000    0.14013E+01    0.20529E-01    0.40357E-01
      393.00000    0.13992E+01    0.56761E-01    0.40356E-01
      394.00000    0.14006E+01    0.90017E-01    0.40355E-01
      395.00000    0.13988E+01    0.12045E+00    0.40356E-01
      396.00000    0.13971E+01    0.14647E+00    0.40357E-01
      397.00000    0.14028E+01    0.16387E+00    0.40357E-01
      398.00000    0.14058E+01    0.17390E+00    0.40356E-01
      399.00000    0.14047E+01    0.17848E+00    0.40356E-01
      400.00000    0.14069E+01    0.16839E+00    0.40356E-01
      401.00000    0.14101E+01    0.14943E+00    0.40356E-01
      402.00000    0.14091E+01    0.12136E+00    0.40357E-01
      403.00000    0.14068E+01    0.88169E-01    0.40357E-01
      404.00000    0.14081E+01    0.54019E-01    0.40357E-01
      405.00000    0.14075E+01    0.14555E-01    0.40358E-01
      406.00000    0.13996E+01   -0.19724E-01    0.40359E-01
      407.00000    0.13951E+01   -0.56147E-01    0.40360E-01
      408.00000    0.13977E+01   -0.89962E-01    0.40360E-01
      409.00000    0.13981E+01   -0.12056E+00    0.40360E-01
      410.00000    0.13997E+01   -0.14447E+00    0.40360E-01
      411.00000    0.14044E+01   -0.16357E+00    0.40359E-01
      412.00000    0.14049E+01   -0.17344E+00    0.40359E-01
      413.00000    0.14033E+01   -0.17785E+00    0.40359E-01
      414.00000    0.14071E+01   -0.16729E+00    0.40360E-01
      415.00000    0.14130E+01   -0.14855E+00    0.40359E-01
      416.00000    0.14136E+01   -0.12047E+00    0.40359E-01
      417.00000    0.14096E+01   -0.86758E-01    0.40359E-01
      418.00000    0.14091E+01   -0.52498E-01    0.40358E-01
      419.00000    0.14055E+01   -0.12134E-01    0.40358E-01
      420.00000    0.13991E+01    0.21763E-01    0.40357E-01
      421.00000    0.13979E+01    0.59042E-01    0.40357E-01
      422.00000    0.14011E+01    0.92585E-01    0.40356E-01
      423.00000    0.13986E+01    0.12316E+00    0.40356E-01
      424.00000    0.13971E+01    0.14876E+00    0.40357E-01
      425.00000    0.14024E+01    0.16634E+00    0.40357E-01
      426.00000    0.14049E+01    0.17695E+00    0.40356E-01
      427.00000    0.14051E+01    0.18044E+00    0.40356E-01
      428.00000    0.14097E+01    0.17036E+00    0.40356E-01
      429.00000    0.14135E+01    0.15003E+00    0.40356E-01
      430.00000    0.14110E+01    0.12164E+00    0.40356E-01
      431.00000    0.14075E+01    0.88471E-01    0.40357E-01
      432.00000    0.14089E+01    0.53315E-01    0.40357E-01
      433.00000    0.14075E+01    0.13840E-01    0.40358E-01
      434.00000    0.13998E+01   -0.20853E-01    0.40359E-01
      435.00000    0.13967E+01   -0.57672E-01    0.40360E-01
      436.00000    0.13983E+01   -0.92024E-01    0.40361E-01
      437.00000    0.13964E+01   -0.12236E+00    0.40361E-01
      438.00000    0.13983E+01   -0.14626E+00    0.40361E-01
      439.00000    0.14038E+01   -0.16495E+00    0.40360E-01
      440.00000    0.14043E+01   -0.17454E+00    0.40360E-01
      441.00000    0.14026E+01   -0.17959E+00    0.40360E-01
      442.00000    0.14072E+01   -0.16757E+00    0.40360E-01
      443.00000    0.14121E+01   -0.14896E+00    0.40359E-01
      444.00000    0.14124E+01   -0.11996E+00    0.40359E-01
      445.00000    0.14104E+01   -0.86569E-01    0.40358E-01
      446.00000    0.14110E+01   -0.51483E-01    0.40358E-01
      447.00000    0.14062E+01   -0.10784E-01    0.40357E-01
      448.00000    0.13992E+01    0.23276E-01    0.40357E-01
      449.00000    0.13984E+01    0.60788E-01    0.40356E-01
      450.00000    0.14018E+01    0.94555E-01    0.40356E-01
      451.00000    0.13990E+01    0.12510E+00    0.40356E-01
      452.00000    0.13981E+01    0.15021E+00    0.40357E-01
      453.00000    0.14027E+01    0.16779E+00    0.40357E-01
      454.00000    0.14042E+01    0.17793E+00    0.40356E-01
      455.00000    0.14043E+01    0.18143E+00    0.40356E-01
      456.00000    0.14100E+01    0.17079E+00    0.40356E-01
      457.00000    0.14136E+01    0.15007E+00    0.40356E-01
      458.00000    0.14104E+01    0.12151E+00    0.40356E-01
      459.00000    0.14074E+01    0.87676E-01    0.40357E-01
      460.00000    0.14083E+01    0.52613E-01    0.40357E-01
      461.00000    0.14064E+01    0.12619E-01    0.40357E-01
      462.00000    0.13996E+01   -0.22356E-01    0.40358E-01
      463.00000    0.13980E+01   -0.59021E-01    0.40359E-01
      464.00000    0.13996E+01   -0.93187E-01    0.40360E-01
      465.00000    0.13964E+01   -0.12358E+00    0.40361E-01
      466.00000    0.13989E+01   -0.14753E+00    0.40360E-01
      467.00000    0.14042E+01   -0.16595E+00    0.40359E-01
      468.00000    0.14047E+01   -0.17509E+00    0.40359E-01
      469.00000    0.14035E+01   -0.18046E+00    0.40360E-01
      470.00000    0.14082E+01   -0.16781E+00    0.40360E-01
      471.00000    0.14123E+01   -0.14905E+00    0.40359E-01
      472.00000    0.14113E+01   -0.11997E+00    0.40359E-01
      473.00000    0.14100E+01   -0.85992E-01    0.40359E-01
      474.00000    0.14110E+01   -0.50765E-01    0.40358E-01
      475.00000    0.14058E+01   -0.95707E-02    0.40358E-01
      476.00000    0.13988E+01    0.24445E-01    0.40357E-01
      477.00000    0.13980E+01    0.62348E-01    0.40356E-01
      478.00000    0.14011E+01    0.95413E-01    0.40356E-01
      479.00000    0.13982E+01    0.12626E+00    0.40356E-01
      480.00000    0.13990E+01    0.15056E+00    0.40357E-01
      481.00000    0.14036E+01    0.16876E+00    0.40356E-01
      482.00000    0.14041E+01    0.17827E+00    0.40356E-01
      483.00000    0.14048E+01    0.18155E+00    0.40356E-01
      484.00000    0.14111E+01    0.17049E+00    0.40356E-01
      485.00000    0.14142E+01    0.14960E+00    0.40356E-01
      486.00000    0.14110E+01    0.12110E+00    0.40356E-01
      487.00000    0.14082E+01    0.86698E-01    0.40357E-01
      488.00000    0.14087E+01    0.51363E-01    0.40357E-01
      489.00000    0.14056E+01    0.11473E-01    0.40358E-01
      490.00000    0.13986E+01   -0.23358E-01    0.40359E-01
      491.00000    0.13978E+01   -0.60151E-01    0.40360E-01
      492.00000    0.13995E+01   -0.94318E-01    0.40360E-01
      493.00000    0.13954E+01   -0.12417E+00    0.40361E-01
      494.00000    0.13985E+01   -0.14838E+00    0.40360E-01
      495.00000    0.14039E+01   -0.16638E+00    0.40360E-01
      496.00000    0.14042E+01   -0.17549E+00    0.40359E-01
      497.00000    0.14036E+01   -0.18069E+00    0.40360E-01
      498.00000    0.14091E+01   -0.16813E+00    0.40359E-01
      499.00000    0.14125E+01   -0.14879E+00    0.40359E-01
      500.00000    0.14112E+01   -0.11941E+00    0.40359E-01
      501.00000    0.14103E+01   -0.85415E-01    0.40358E-01
      502.00000    0.14114E+01   -0.49949E-01    0.40358E-01
      503.00000    0.14062E+01   -0.87013E-02    0.40357E-01
      504.00000    0.13991E+01    0.25592E-01    0.40357E-01
      505.00000    0.13984E+01    0.63417E-01    0.40356E-01
      506.00000    0.14010E+01    0.96626E-01    0.40356E-01
      507.00000    0.13978E+01    0.12734E+00    0.40357E-01
      508.00000    0.13991E+01    0.15138E+00    0.40357E-01
      509.00000    0.14039E+01    0.16958E+00    0.40357E-01
      510.00000    0.14040E+01    0.17854E+00    0.40356E-01
      511.00000    0.14047E+01    0.18181E+00    0.40356E-01
      512.00000    0.14109E+01    0.17047E+00    0.40356E-01
      513.00000    0.14139E+01    0.14945E+00    0.40356E-01
      514.00000    0.14108E+01    0.12036E+00    0.40356E-01
      515.00000    0.14089E+01    0.86037E-01    0.40357E-01
      516.00000    0.14089E+01    0.50778E-01    0.40357E-01
      517.00000    0.14054E+01    0.10945E-01    0.40358E-01
      518.00000    0.13988E+01   -0.24304E-01    0.40359E-01
      519.00000    0.13985E+01   -0.61189E-01    0.40359E-01
      520.00000    0.13998E+01   -0.94895E-01    0.40360E-01
      521.00000    0.13960E+01   -0.12506E+00    0.40361E-01
      522.00000    0.13993E+01   -0.14903E+00    0.40360E-01
      523.00000    0.14039E+01   -0.16696E+00    0.40360E-01
      524.00000    0.14036E+01   -0.17556E+00    0.40360E-01
      525.00000    0.14036E+01   -0.18110E+00    0.40360E-01
      526.00000    0.14094E+01   -0.16777E+00    0.40360E-01
      527.00000    0.14126E+01   -0.14829E+00    0.40359E-01
      528.00000    0.14107E+01   -0.11862E+00    0.40359E-01
      529.00000    0.14102E+01   -0.84715E-01    0.40358E-01
      530.00000    0.14108E+01   -0.49032E-01    0.40358E-01
      531.00000    0.14058E+01   -0.78283E-02    0.40357E-01
      532.00000    0.13994E+01    0.26775E-01    0.40357E-01
      533.00000    0.13985E+01    0.63983E-01    0.40356E-01
      534.00000    0.14010E+01    0.97307E-01    0.40356E-01
      535.00000    0.13975E+01    0.12762E+00    0.40356E-01
      536.00000    0.13996E+01    0.15167E+00    0.40357E-01
      537.00000    0.14044E+01    0.16985E+00    0.40357E-01
      538.00000    0.14043E+01    0.17844E+00    0.40356E-01
      539.00000    0.14050E+01    0.18172E+00    0.40356E-01
      540.00000    0.14114E+01    0.16962E+00    0.40356E-01
      541.00000    0.14139E+01    0.14825E+00    0.40356E-01
      542.00000    0.14106E+01    0.11949E+00    0.40356E-01
      543.00000    0.14088E+01    0.85282E-01    0.40357E-01
      544.00000    0.14087E+01    0.49587E-01    0.40357E-01
      545.00000    0.14049E+01    0.96751E-02    0.40358E-01
      546.00000    0.13985E+01   -0.25440E-01    0.40359E-01
      547.00000    0.13980E+01   -0.62107E-01    0.40360E-01
      548.00000    0.13993E+01   -0.95954E-01    0.40360E-01
      549.00000    0.13959E+01   -0.12564E+00    0.40361E-01
      550.00000    0.14000E+01   -0.14960E+00    0.40360E-01
      551.00000    0.14041E+01   -0.16749E+00    0.40359E-01
      552.00000    0.14034E+01   -0.17603E+00    0.40359E-01
      553.00000    0.14040E+01   -0.18099E+00    0.40360E-01
      554.00000    0.14099E+01   -0.16760E+00    0.40359E-01
      555.00000    0.14128E+01   -0.14795E+00    0.40359E-01
      556.00000    0.14108E+01   -0.11781E+00    0.40359E-01
      557.00000    0.14106E+01   -0.83875E-01    0.40358E-01
      558.00000    0.14107E+01   -0.48008E-01    0.40358E-01
      559.00000    0.14055E+01   -0.72076E-02    0.40357E-01
      560.00000    0.13994E+01    0.27786E-01    0.40357E-01
      561.00000    0.13989E+01    0.64889E-01    0.40356E-01
      562.00000    0.14008E+01    0.98033E-01    0.40356E-01
      563.00000    0.13973E+01    0.12806E+00    0.40357E-01
      564.00000    0.14004E+01    0.15227E+00    0.40357E-01
      565.00000    0.14041E+01    0.17052E+00    0.40357E-01
      566.00000    0.14041E+01    0.17850E+00    0.40356E-01
      567.00000    0.14053E+01    0.18164E+00    0.40356E-01
      568.00000    0.14118E+01    0.16906E+00    0.40356E-01
      569.00000    0.14136E+01    0.14788E+00    0.40356E-01
      570.00000    0.14104E+01    0.11879E+00    0.40356E-01
      571.00000    0.14092E+01    0.84350E-01    0.40357E-01
      572.00000    0.14091E+01    0.48426E-01    0.40357E-01
      573.00000    0.14047E+01    0.87573E-02    0.40358E-01
      574.00000    0.13985E+01   -0.26323E-01    0.40359E-01
      575.00000    0.13981E+01   -0.63083E-01    0.40360E-01
      576.00000    0.13992E+01   -0.96655E-01    0.40360E-01
      577.00000    0.13957E+01   -0.12634E+00    0.40361E-01
      578.00000    0.14003E+01   -0.15016E+00    0.40360E-01
      579.00000    0.14042E+01   -0.16798E+00    0.40360E-01
      580.00000    0.14031E+01   -0.17641E+00    0.40360E-01
      581.00000    0.14039E+01   -0.18111E+00    0.40360E-01
      582.00000    0.14097E+01   -0.16754E+00    0.40360E-01
      583.00000    0.14124E+01   -0.14723E+00    0.40359E-01
      584.00000    0.14108E+01   -0.11704E+00    0.40359E-01
      585.00000    0.14108E+01   -0.83026E-01    0.40358E-01
      586.00000    0.14103E+01   -0.47208E-01    0.40358E-01
      587.00000    0.14055E+01   -0.62720E-02    0.40357E-01
      588.00000    0.13997E+01    0.28499E-01    0.40357E-01
      589.00000    0.13989E+01    0.65640E-01    0.40356E-01
      590.00000    0.14009E+01    0.98967E-01    0.40356E-01
      591.00000    0.13973E+01    0.12896E+00    0.40356E-01
      592.00000    0.14007E+01    0.15282E+00    0.40357E-01
      593.00000    0.14042E+01    0.17106E+00    0.40357E-01
      594.00000    0.14041E+01    0.17930E+00    0.40356E-01
      595.00000    0.14054E+01    0.18170E+00    0.40356E-01
      596.00000    0.14118E+01    0.16908E+00    0.40356E-01
      597.00000    0.14135E+01    0.14756E+00    0.40356E-01
      598.00000    0.14105E+01    0.11809E+00    0.40356E-01
      599.00000    0.14096E+01    0.83579E-01    0.40357E-01
      600.00000    0.14088E+01    0.47867E-01    0.40357E-01
      601.00000    0.14046E+01    0.83983E-02    0.40358E-01
      602.00000    0.13989E+01   -0.27338E-01    0.40359E-01
      603.00000    0.13985E+01   -0.63796E-01    0.40360E-01
      604.00000    0.13989E+01   -0.97336E-01    0.40360E-01
      605.00000    0.13957E+01   -0.12693E+00    0.40361E-01
      606.00000    0.14007E+01   -0.15069E+00    0.40360E-01
      607.00000    0.14045E+01   -0.16852E+00    0.40359E-01
      608.00000    0.14031E+01   -0.17664E+00    0.40360E-01
      609.00000    0.14043E+01   -0.18101E+00    0.40360E-01
      610.00000    0.14097E+01   -0.16701E+00    0.40359E-01
      611.00000    0.14124E+01   -0.14671E+00    0.40359E-01
      612.00000    0.14110E+01   -0.11610E+00    0.40359E-01
      613.00000    0.14107E+01   -0.82467E-01    0.40358E-01
      614.00000    0.14099E+01   -0.46085E-01    0.40358E-01
      615.00000    0.14051E+01   -0.56593E-02    0.40357E-01
      616.00000    0.13998E+01    0.28986E-01    0.40357E-01
      617.00000    0.13989E+01    0.66054E-01    0.40356E-01
      618.00000    0.14007E+01    0.99549E-01    0.40356E-01
      619.00000    0.13973E+01    0.12917E+00    0.40356E-01
      620.00000    0.14010E+01    0.15294E+00    0.40357E-01
      621.00000    0.14040E+01    0.17102E+00    0.40356E-01
      622.00000    0.14037E+01    0.17911E+00    0.40356E-01
      623.00000    0.14053E+01    0.18137E+00    0.40356E-01
      624.00000    0.14122E+01    0.16809E+00    0.40356E-01
      625.00000    0.14135E+01    0.14666E+00    0.40356E-01
      626.00000    0.14105E+01    0.11726E+00    0.40356E-01
      627.00000    0.14095E+01    0.82697E-01    0.40357E-01
      628.00000    0.14085E+01    0.46514E-01    0.40357E-01
      629.00000    0.14043E+01    0.70252E-02    0.40358E-01
      630.00000    0.13993E+01   -0.28157E-01    0.40359E-01
      631.00000    0.13982E+01   -0.64602E-01    0.40360E-01
      632.00000    0.13986E+01   -0.97996E-01    0.40360E-01
      633.00000    0.13957E+01   -0.12784E+00    0.40361E-01
      634.00000    0.14006E+01   -0.15140E+00    0.40360E-01
      635.00000    0.14044E+01   -0.16898E+00    0.40360E-01
      636.00000    0.14030E+01   -0.17728E+00    0.40360E-01
      637.00000    0.14040E+01   -0.18083E+00    0.40360E-01
      638.00000    0.14097E+01   -0.16703E+00    0.40359E-01
      639.00000    0.14120E+01   -0.14604E+00    0.40359E-01
      640.00000    0.14109E+01   -0.11540E+00    0.40359E-01
      641.00000    0.14108E+01   -0.81481E-01    0.40358E-01
      642.00000    0.14098E+01   -0.45179E-01    0.40358E-01
      643.00000    0.14051E+01   -0.49758E-02    0.40357E-01
      644.00000    0.13997E+01    0.30235E-01    0.40357E-01
      645.00000    0.13991E+01    0.66679E-01    0.40356E-01
      646.00000    0.14006E+01    0.10038E+00    0.40356E-01
      647.00000    0.13972E+01    0.13004E+00    0.40357E-01
      648.00000    0.14013E+01    0.15374E+00    0.40357E-01
      649.00000    0.14040E+01    0.17148E+00    0.40357E-01
      650.00000    0.14039E+01    0.17940E+00    0.40356E-01
      651.00000    0.14059E+01    0.18100E+00    0.40356E-01
      652.00000    0.14120E+01    0.16761E+00    0.40356E-01
      653.00000    0.14132E+01    0.14611E+00    0.40356E-01
      654.00000    0.14105E+01    0.11631E+00    0.40356E-01
      655.00000    0.14095E+01    0.81751E-01    0.40357E-01
      656.00000    0.14083E+01    0.45479E-01    0.40357E-01
      657.00000    0.14044E+01    0.61513E-02    0.40358E-01
      658.00000    0.13992E+01   -0.29216E-01    0.40359E-01
      659.00000    0.13985E+01   -0.65132E-01    0.40360E-01
      660.00000    0.13983E+01   -0.99185E-01    0.40360E-01
      661.00000    0.13958E+01   -0.12858E+00    0.40361E-01
      662.00000    0.14009E+01   -0.15185E+00    0.40360E-01
      663.00000    0.14043E+01   -0.16947E+00    0.40359E-01
      664.00000    0.14030E+01   -0.17749E+00    0.40360E-01
      665.00000    0.14043E+01   -0.18068E+00    0.40360E-01
      666.00000    0.14096E+01   -0.16655E+00    0.40359E-01
      667.00000    0.14121E+01   -0.14539E+00    0.40359E-01
      668.00000    0.14107E+01   -0.11475E+00    0.40359E-01
      669.00000    0.14107E+01   -0.80703E-01    0.40358E-01
      670.00000    0.14097E+01   -0.44204E-01    0.40358E-01
      671.00000    0.14049E+01   -0.41823E-02    0.40357E-01
      672.00000    0.13998E+01    0.31210E-01    0.40357E-01
      673.00000    0.13991E+01    0.67290E-01    0.40356E-01
      674.00000    0.14004E+01    0.10106E+00    0.40356E-01
      675.00000    0.13975E+01    0.13042E+00    0.40357E-01
      676.00000    0.14013E+01    0.15414E+00    0.40357E-01
      677.00000    0.14042E+01    0.17168E+00    0.40357E-01
      678.00000    0.14042E+01    0.17982E+00    0.40356E-01
      679.00000    0.14057E+01    0.18079E+00    0.40356E-01
      680.00000    0.14119E+01    0.16733E+00    0.40356E-01
      681.00000    0.14130E+01    0.14534E+00    0.40356E-01
      682.00000    0.14106E+01    0.11531E+00    0.40356E-01
      683.00000    0.14099E+01    0.80794E-01    0.40357E-01
      684.00000    0.14083E+01    0.44540E-01    0.40357E-01
      685.00000    0.14041E+01    0.52713E-02    0.40358E-01
      686.00000    0.13994E+01   -0.29919E-01    0.40359E-01
      687.00000    0.13985E+01   -0.65917E-01    0.40360E-01
      688.00000    0.13985E+01   -0.99740E-01    0.40360E-01
      689.00000    0.13959E+01   -0.12953E+00    0.40361E-01
      690.00000    0.14011E+01   -0.15238E+00    0.40360E-01
      691.00000    0.14044E+01   -0.17005E+00    0.40360E-01
      692.00000    0.14031E+01   -0.17791E+00    0.40360E-01
      693.00000    0.14044E+01   -0.18044E+00    0.40360E-01
      694.00000    0.14100E+01   -0.16623E+00    0.40359E-01
      695.00000    0.14119E+01   -0.14438E+00    0.40359E-01
      696.00000    0.14108E+01   -0.11393E+00    0.40359E-01
      697.00000    0.14108E+01   -0.79834E-01    0.40358E-01
      698.00000    0.14097E+01   -0.43272E-01    0.40358E-01
      699.00000    0.14048E+01   -0.34264E-02    0.40357E-01
      700.00000    0.13996E+01    0.31822E-01    0.40357E-01
      701.00000    0.13993E+01    0.68095E-01    0.40356E-01
      702.00000    0.14002E+01    0.10162E+00    0.40356E-01
      703.00000    0.13974E+01    0.13139E+00    0.40357E-01
      704.00000    0.14017E+01    0.15472E+00    0.40357E-01
      705.00000    0.14040E+01    0.17204E+00    0.40356E-01
      706.00000    0.14038E+01    0.18006E+00    0.40356E-01
      707.00000    0.14059E+01    0.18034E+00    0.40356E-01
      708.00000    0.14119E+01    0.16695E+00    0.40356E-01
      709.00000    0.14130E+01    0.14469E+00    0.40356E-01
      710.00000    0.14106E+01    0.11447E+00    0.40356E-01
      711.00000    0.14097E+01    0.80271E-01    0.40357E-01
      712.00000    0.14082E+01    0.43527E-01    0.40357E-01
      713.00000    0.14039E+01    0.45066E-02    0.40358E-01
      714.00000    0.13994E+01   -0.31000E-01    0.40359E-01
      715.00000    0.13988E+01   -0.66632E-01    0.40360E-01
      716.00000    0.13983E+01   -0.10068E+00    0.40360E-01
      717.00000    0.13960E+01   -0.13023E+00    0.40361E-01
      718.00000    0.14010E+01   -0.15297E+00    0.40360E-01
      719.00000    0.14041E+01   -0.17036E+00    0.40360E-01
      720.00000    0.14029E+01   -0.17802E+00    0.40360E-01
      721.00000    0.14045E+01   -0.18017E+00    0.40360E-01
      722.00000    0.14095E+01   -0.16590E+00    0.40359E-01
      723.00000    0.14120E+01   -0.14370E+00    0.40359E-01
      724.00000    0.14109E+01   -0.11303E+00    0.40359E-01
      725.00000    0.14109E+01   -0.78817E-01    0.40358E-01
      726.00000    0.14097E+01   -0.42279E-01    0.40358E-01
      727.00000    0.14045E+01   -0.30460E-02    0.40357E-01
      728.00000    0.13995E+01    0.32561E-01    0.40357E-01
      729.00000    0.13994E+01    0.68920E-01    0.40356E-01
      730.00000    0.14002E+01    0.10212E+00    0.40356E-01
      731.00000    0.13980E+01    0.13177E+00    0.40357E-01
      732.00000    0.14015E+01    0.15527E+00    0.40357E-01
      733.00000    0.14039E+01    0.17227E+00    0.40357E-01
      734.00000    0.14039E+01    0.17990E+00    0.40356E-01
      735.00000    0.14063E+01    0.17983E+00    0.40356E-01
      736.00000    0.14120E+01    0.16645E+00    0.40356E-01
      737.00000    0.14128E+01    0.14385E+00    0.40356E-01
      738.00000    0.14104E+01    0.11353E+00    0.40356E-01
      739.00000    0.14097E+01    0.79242E-01    0.40357E-01
      740.00000    0.14082E+01    0.42335E-01    0.40357E-01
      741.00000    0.14038E+01    0.38152E-02    0.40358E-01
      742.00000    0.13995E+01   -0.31842E-01    0.40359E-01
      743.00000    0.13984E+01   -0.67535E-01    0.40360E-01
      744.00000    0.13984E+01   -0.10130E+00    0.40360E-01
      745.00000    0.13962E+01   -0.13106E+00    0.40361E-01
      746.00000    0.14012E+01   -0.15342E+00    0.40360E-01
      747.00000    0.14041E+01   -0.17079E+00    0.40359E-01
      748.00000    0.14028E+01   -0.17811E+00    0.40360E-01
      749.00000    0.14047E+01   -0.17972E+00    0.40360E-01
      750.00000    0.14094E+01   -0.16557E+00    0.40359E-01
      751.00000    0.14117E+01   -0.14298E+00    0.40359E-01
      752.00000    0.14112E+01   -0.11226E+00    0.40359E-01
      753.00000    0.14109E+01   -0.78152E-01    0.40358E-01
      754.00000    0.14093E+01   -0.41217E-01    0.40358E-01
      755.00000    0.14043E+01   -0.24206E-02    0.40357E-01
      756.00000    0.13996E+01    0.33639E-01    0.40357E-01
      757.00000    0.13996E+01    0.69779E-01    0.40356E-01
      758.00000    0.13999E+01    0.10284E+00    0.40356E-01
      759.00000    0.13979E+01    0.13269E+00    0.40357E-01
      760.00000    0.14014E+01    0.15570E+00    0.40357E-01
      761.00000    0.14036E+01    0.17218E+00    0.40357E-01
      762.00000    0.14041E+01    0.18002E+00    0.40356E-01
      763.00000    0.14064E+01    0.17963E+00    0.40356E-01
      764.00000    0.14116E+01    0.16596E+00    0.40356E-01
      765.00000    0.14126E+01    0.14301E+00    0.40356E-01
      766.00000    0.14105E+01    0.11256E+00    0.40356E-01
      767.00000    0.14099E+01    0.78384E-01    0.40357E-01
      768.00000    0.14083E+01    0.41462E-01    0.40357E-01
      769.00000    0.14037E+01    0.33754E-02    0.40358E-01
      770.00000    0.13996E+01   -0.32543E-01    0.40359E-01
      771.00000    0.13984E+01   -0.68408E-01    0.40360E-01
      772.00000    0.13986E+01   -0.10223E+00    0.40360E-01
      773.00000    0.13962E+01   -0.13175E+00    0.40361E-01
      774.00000    0.14013E+01   -0.15368E+00    0.40360E-01
      775.00000    0.14039E+01   -0.17125E+00    0.40360E-01
      776.00000    0.14034E+01   -0.17836E+00    0.40360E-01
      777.00000    0.14044E+01   -0.17980E+00    0.40360E-01
      778.00000    0.14094E+01   -0.16522E+00    0.40359E-01
      779.00000    0.14118E+01   -0.14191E+00    0.40359E-01
      780.00000    0.14116E+01   -0.11154E+00    0.40359E-01
      781.00000    0.14105E+01   -0.77438E-01    0.40358E-01
      782.00000    0.14091E+01   -0.40232E-01    0.40358E-01
      783.00000    0.14044E+01   -0.16318E-02    0.40357E-01
      784.00000    0.13995E+01    0.34378E-01    0.40357E-01
      785.00000    0.13992E+01    0.70321E-01    0.40356E-01
      786.00000    0.14000E+01    0.10364E+00    0.40356E-01
      787.00000    0.13981E+01    0.13305E+00    0.40357E-01
      788.00000    0.14013E+01    0.15568E+00    0.40357E-01
      789.00000    0.14040E+01    0.17251E+00    0.40357E-01
      790.00000    0.14044E+01    0.18013E+00    0.40356E-01
      791.00000    0.14063E+01    0.17927E+00    0.40356E-01
      792.00000    0.14115E+01    0.16554E+00    0.40356E-01
      793.00000    0.14130E+01    0.14236E+00    0.40356E-01
      794.00000    0.14104E+01    0.11195E+00    0.40356E-01
      795.00000    0.14092E+01    0.77575E-01    0.40357E-01
      796.00000    0.14081E+01    0.40469E-01    0.40357E-01
      797.00000    0.14041E+01    0.24105E-02    0.40358E-01
      798.00000    0.13993E+01   -0.33483E-01    0.40359E-01
      799.00000    0.13982E+01   -0.69178E-01    0.40360E-01
      800.00000    0.13987E+01   -0.10308E+00    0.40360E-01
      801.00000    0.13965E+01   -0.13242E+00    0.40361E-01
      802.00000    0.14007E+01   -0.15444E+00    0.40360E-01
      803.00000    0.14038E+01   -0.17140E+00    0.40359E-01
      804.00000    0.14037E+01   -0.17867E+00    0.40360E-01
      805.00000    0.14046E+01   -0.17947E+00    0.40360E-01
      806.00000    0.14093E+01   -0.16476E+00    0.40359E-01
      807.00000    0.14123E+01   -0.14115E+00    0.40359E-01
      808.00000    0.14118E+01   -0.11068E+00    0.40359E-01
      809.00000    0.14102E+01   -0.76526E-01    0.40358E-01
      810.00000    0.14093E+01   -0.39165E-01    0.40358E-01
      811.00000    0.14043E+01   -0.90735E-03    0.40357E-01
      812.00000    0.13995E+01    0.35072E-01    0.40357E-01
      813.00000    0.13994E+01    0.71153E-01    0.40356E-01
      814.00000    0.13999E+01    0.10447E+00    0.40356E-01
      815.00000    0.13980E+01    0.13413E+00    0.40357E-01
      816.00000    0.14015E+01    0.15650E+00    0.40357E-01
      817.00000    0.14034E+01    0.17285E+00    0.40357E-01
      818.00000    0.14044E+01    0.18011E+00    0.40356E-01
      819.00000    0.14061E+01    0.17903E+00    0.40356E-01
      820.00000    0.14118E+01    0.16500E+00    0.40356E-01
      821.00000    0.14129E+01    0.14166E+00    0.40356E-01
      822.00000    0.14101E+01    0.11107E+00    0.40356E-01
      823.00000    0.14092E+01    0.76776E-01    0.40357E-01
      824.00000    0.14087E+01    0.39632E-01    0.40357E-01
      825.00000    0.14039E+01    0.19476E-02    0.40358E-01
      826.00000    0.13991E+01   -0.34161E-01    0.40359E-01
      827.00000    0.13981E+01   -0.70255E-01    0.40360E-01
      828.00000    0.13993E+01   -0.10354E+00    0.40360E-01
      829.00000    0.13965E+01   -0.13306E+00    0.40361E-01
      830.00000    0.14004E+01   -0.15530E+00    0.40360E-01
      831.00000    0.14042E+01   -0.17187E+00    0.40359E-01
      832.00000    0.14036E+01   -0.17906E+00    0.40360E-01
      833.00000    0.14039E+01   -0.17967E+00    0.40360E-01
      834.00000    0.14097E+01   -0.16423E+00    0.40359E-01
      835.00000    0.14123E+01   -0.14054E+00    0.40359E-01
      836.00000    0.14116E+01   -0.11003E+00    0.40359E-01
      837.00000    0.14098E+01   -0.75722E-01    0.40358E-01
      838.00000    0.14092E+01   -0.38389E-01    0.40358E-01
      839.00000    0.14042E+01   -0.37886E-03    0.40357E-01
      840.00000    0.13988E+01    0.35674E-01    0.40357E-01
      841.00000    0.13995E+01    0.72001E-01    0.40356E-01
      842.00000    0.14004E+01    0.10541E+00    0.40356E-01
      843.00000    0.13980E+01    0.13470E+00    0.40357E-01
      844.00000    0.14013E+01    0.15697E+00    0.40357E-01
      845.00000    0.14041E+01    0.17319E+00    0.40357E-01
      846.00000    0.14042E+01    0.18036E+00    0.40356E-01
      847.00000    0.14060E+01    0.17917E+00    0.40356E-01
      848.00000    0.14118E+01    0.16509E+00    0.40356E-01
      849.00000    0.14129E+01    0.14126E+00    0.40356E-01
      850.00000    0.14101E+01    0.11028E+00    0.40356E-01
      851.00000    0.14089E+01    0.76079E-01    0.40357E-01
      852.00000    0.14090E+01    0.38721E-01    0.40357E-01
      853.00000    0.14040E+01    0.19177E-02    0.40358E-01
      854.00000    0.13986E+01   -0.35059E-01    0.40359E-01
      855.00000    0.13988E+01   -0.71212E-01    0.40360E-01
      856.00000    0.13994E+01   -0.10444E+00    0.40360E-01
      857.00000    0.13964E+01   -0.13349E+00    0.40361E-01
      858.00000    0.14006E+01   -0.15567E+00    0.40360E-01
      859.00000    0.14042E+01   -0.17195E+00    0.40359E-01
      860.00000    0.14034E+01   -0.17886E+00    0.40360E-01
      861.00000    0.14038E+01   -0.17943E+00    0.40360E-01
      862.00000    0.14100E+01   -0.16362E+00    0.40359E-01
      863.00000    0.14124E+01   -0.14008E+00    0.40359E-01
      864.00000    0.14111E+01   -0.10905E+00    0.40359E-01
      865.00000    0.14097E+01   -0.75072E-01    0.40358E-01
      866.00000    0.14096E+01   -0.37409E-01    0.40358E-01
      867.00000    0.14039E+01    0.43266E-03    0.40357E-01
      868.00000    0.13987E+01    0.36457E-01    0.40357E-01
      869.00000    0.13997E+01    0.72710E-01    0.40356E-01
      870.00000    0.14003E+01    0.10603E+00    0.40356E-01
      871.00000    0.13976E+01    0.13558E+00    0.40357E-01
      872.00000    0.14017E+01    0.15717E+00    0.40357E-01
      873.00000    0.14042E+01    0.17319E+00    0.40356E-01
      874.00000    0.14041E+01    0.18010E+00    0.40356E-01
      875.00000    0.14057E+01    0.17859E+00    0.40356E-01
      876.00000    0.14123E+01    0.16406E+00    0.40356E-01
      877.00000    0.14129E+01    0.14024E+00    0.40356E-01
      878.00000    0.14097E+01    0.10936E+00    0.40356E-01
      879.00000    0.14087E+01    0.75422E-01    0.40357E-01
      880.00000    0.14089E+01    0.37429E-01    0.40357E-01
      881.00000    0.14036E+01    0.61418E-03    0.40358E-01
      882.00000    0.13982E+01   -0.36273E-01    0.40359E-01
      883.00000    0.13988E+01   -0.71900E-01    0.40360E-01
      884.00000    0.13992E+01   -0.10546E+00    0.40360E-01
      885.00000    0.13963E+01   -0.13449E+00    0.40361E-01
      886.00000    0.14008E+01   -0.15662E+00    0.40360E-01
      887.00000    0.14046E+01   -0.17215E+00    0.40359E-01
      888.00000    0.14032E+01   -0.17906E+00    0.40360E-01
      889.00000    0.14038E+01   -0.17920E+00    0.40360E-01
      890.00000    0.14103E+01   -0.16313E+00    0.40359E-01
      891.00000    0.14123E+01   -0.13939E+00    0.40359E-01
      892.00000    0.14110E+01   -0.10838E+00    0.40359E-01
      893.00000    0.14097E+01   -0.74095E-01    0.40358E-01
      894.00000    0.14095E+01   -0.36208E-01    0.40358E-01
      895.00000    0.14036E+01    0.13033E-02    0.40357E-01
      896.00000    0.13984E+01    0.37272E-01    0.40357E-01
      897.00000    0.13996E+01    0.73771E-01    0.40356E-01
      898.00000    0.14003E+01    0.10684E+00    0.40356E-01
      899.00000    0.13978E+01    0.13587E+00    0.40357E-01
      900.00000    0.14020E+01    0.15755E+00    0.40357E-01
      901.00000    0.14043E+01    0.17354E+00    0.40356E-01
      902.00000    0.14039E+01    0.17997E+00    0.40356E-01
      903.00000    0.14059E+01    0.17840E+00    0.40356E-01
      904.00000    0.14126E+01    0.16354E+00    0.40356E-01
      905.00000    0.14128E+01    0.13951E+00    0.40356E-01
      906.00000    0.14096E+01    0.10868E+00    0.40356E-01
      907.00000    0.14086E+01    0.74581E-01    0.40357E-01
      908.00000    0.14090E+01    0.36305E-01    0.40357E-01
      909.00000    0.14031E+01   -0.25814E-03    0.40358E-01
      910.00000    0.13979E+01   -0.37176E-01    0.40359E-01
      911.00000    0.13989E+01   -0.72947E-01    0.40360E-01
      912.00000    0.13993E+01   -0.10613E+00    0.40360E-01
      913.00000    0.13963E+01   -0.13551E+00    0.40361E-01
      914.00000    0.14010E+01   -0.15707E+00    0.40360E-01
      915.00000    0.14046E+01   -0.17256E+00    0.40359E-01
      916.00000    0.14032E+01   -0.17963E+00    0.40360E-01
      917.00000    0.14039E+01   -0.17912E+00    0.40360E-01
      918.00000    0.14106E+01   -0.16279E+00    0.40359E-01
      919.00000    0.14123E+01   -0.13871E+00    0.40359E-01
      920.00000    0.14106E+01   -0.10759E+00    0.40359E-01
      921.00000    0.14098E+01   -0.73596E-01    0.40358E-01
      922.00000    0.14094E+01   -0.35560E-01    0.40358E-01
      923.00000    0.14030E+01    0.21979E-02    0.40357E-01
      924.00000    0.13984E+01    0.38217E-01    0.40357E-01
      925.00000    0.13996E+01    0.74722E-01    0.40356E-01
      926.00000    0.14003E+01    0.10759E+00    0.40356E-01
      927.00000    0.13977E+01    0.13711E+00    0.40357E-01
      928.00000    0.14025E+01    0.15820E+00    0.40357E-01
      929.00000    0.14046E+01    0.17396E+00    0.40356E-01
      930.00000    0.14038E+01    0.18053E+00    0.40356E-01
      931.00000    0.14061E+01    0.17875E+00    0.40356E-01
      932.00000    0.14127E+01    0.16344E+00    0.40356E-01
      933.00000    0.14128E+01    0.13900E+00    0.40356E-01
      934.00000    0.14095E+01    0.10814E+00    0.40356E-01
      935.00000    0.14086E+01    0.73972E-01    0.40357E-01
      936.00000    0.14090E+01    0.35370E-01    0.40357E-01
      937.00000    0.14027E+01   -0.59764E-03    0.40358E-01
      938.00000    0.13978E+01   -0.37896E-01    0.40359E-01
      939.00000    0.13988E+01   -0.73842E-01    0.40360E-01
      940.00000    0.13992E+01   -0.10660E+00    0.40360E-01
      941.00000    0.13963E+01   -0.13609E+00    0.40361E-01
      942.00000    0.14015E+01   -0.15754E+00    0.40360E-01
      943.00000    0.14045E+01   -0.17256E+00    0.40359E-01
      944.00000    0.14032E+01   -0.17954E+00    0.40360E-01
      945.00000    0.14042E+01   -0.17866E+00    0.40360E-01
      946.00000    0.14106E+01   -0.16213E+00    0.40359E-01
      947.00000    0.14122E+01   -0.13801E+00    0.40359E-01
      948.00000    0.14103E+01   -0.10675E+00    0.40359E-01
      949.00000    0.14098E+01   -0.72806E-01    0.40358E-01
      950.00000    0.14095E+01   -0.34427E-01    0.40358E-01
      951.00000    0.14025E+01    0.32014E-02    0.40357E-01
      952.00000    0.13986E+01    0.38932E-01    0.40357E-01
      953.00000    0.13996E+01    0.75183E-01    0.40356E-01
      954.00000    0.14000E+01    0.10833E+00    0.40356E-01
      955.00000    0.13977E+01    0.13745E+00    0.40357E-01
      956.00000    0.14029E+01    0.15833E+00    0.40357E-01
      957.00000    0.14044E+01    0.17386E+00    0.40356E-01
      958.00000    0.14037E+01    0.17998E+00    0.40356E-01
      959.00000    0.14059E+01    0.17827E+00    0.40356E-01
      960.00000    0.14130E+01    0.16246E+00    0.40356E-01
      961.00000    0.14126E+01    0.13789E+00    0.40356E-01
      962.00000    0.14092E+01    0.10709E+00    0.40356E-01
      963.00000    0.14085E+01    0.73175E-01    0.40357E-01
      964.00000    0.14090E+01    0.34398E-01    0.40357E-01
      965.00000    0.14021E+01   -0.17112E-02    0.40358E-01
      966.00000    0.13979E+01   -0.38878E-01    0.40359E-01
      967.00000    0.13986E+01   -0.74523E-01    0.40360E-01
      968.00000    0.13987E+01   -0.10758E+00    0.40361E-01
      969.00000    0.13966E+01   -0.13700E+00    0.40361E-01
      970.00000    0.14017E+01   -0.15798E+00    0.40360E-01
      971.00000    0.14044E+01   -0.17313E+00    0.40359E-01
      972.00000    0.14032E+01   -0.17998E+00    0.40360E-01
      973.00000    0.14044E+01   -0.17856E+00    0.40360E-01
      974.00000    0.14107E+01   -0.16155E+00    0.40359E-01
      975.00000    0.14120E+01   -0.13731E+00    0.40359E-01
      976.00000    0.14102E+01   -0.10594E+00    0.40359E-01
      977.00000    0.14100E+01   -0.71944E-01    0.40358E-01
      978.00000    0.14093E+01   -0.33532E-01    0.40358E-01
      979.00000    0.14022E+01    0.40709E-02    0.40357E-01
      980.00000    0.13987E+01    0.39956E-01    0.40357E-01
      981.00000    0.13993E+01    0.76138E-01    0.40356E-01
      982.00000    0.13997E+01    0.10909E+00    0.40356E-01
      983.00000    0.13976E+01    0.13823E+00    0.40357E-01
      984.00000    0.14030E+01    0.15901E+00    0.40357E-01
      985.00000    0.14044E+01    0.17460E+00    0.40356E-01
      986.00000    0.14036E+01    0.18080E+00    0.40356E-01
      987.00000    0.14065E+01    0.17851E+00    0.40356E-01
      988.00000    0.14129E+01    0.16220E+00    0.40356E-01
      989.00000    0.14122E+01    0.13745E+00    0.40356E-01
      990.00000    0.14092E+01    0.10656E+00    0.40357E-01
      991.00000    0.14087E+01    0.72363E-01    0.40357E-01
      992.00000    0.14087E+01    0.33423E-01    0.40357E-01
      993.00000    0.14020E+01   -0.20425E-02    0.40358E-01
      994.00000    0.13979E+01   -0.39542E-01    0.40359E-01
      995.00000    0.13986E+01   -0.75108E-01    0.40360E-01
      996.00000    0.13985E+01   -0.10823E+00    0.40361E-01
      997.00000    0.13964E+01   -0.13732E+00    0.40361E-01
      998.00000    0.14022E+01   -0.15830E+00    0.40360E-01
      999.00000    0.14046E+01   -0.17301E+00    0.40359E-01
     1000.00000    0.14032E+01   -0.17981E+00    0.40360E-01
